46 56 46 56 46 56 46
64 64 64 64 64 64 64
65 65 65 65 65 65 65
46 56 46 56 46 56 46
64 64 64 64 64 64 64
65 65 65 65 65 65 65
46 56 46 56 46 56 46
64 64 64 64 64 64 64
65 65 65 65 65 65 65
46 56 46 56 46 56 46
64 64 64 64 64 64 64
65 65 65 65 65 65 65
46 56 46 56 46 56 46
64 64 64 64 64 64 64
65 65 65 65 65 65 65
45 56 46 56 46 56 45
55 64 64 64 64 64 55
54 65 65 65 65 65 54
45 56 46 56 46 56 45
55 64 64 64 64 64 55
54 65 65 65 65 65 54
45 56 46 56 46 56 45
55 64 64 64 64 64 55
54 65 65 65 65 65 54
45 56 46 56 46 56 45
55 64 64 64 64 64 55
54 65 65 65 65 65 54
54 65 25 35 45 65 54
24 34 44 24 34 44 24
00 00 00 00 00 00 00
00 00 00 00 00 00 00
00 00 00 00 00 00 00
00 00 00 00 00 00 00
00 00 00 00 00 00 00
00 00 00 00 00 00 00
00 00 00 00 00 00 00
00 00 00 00 00 00 00
00 00 00 00 00 00 00
00 00 00 00 00 00 00
00 00 00 00 00 00 00
00 00 00 00 00 00 00
00 00 00 00 00 00 00
45 00 00 00 00 00 25
55 00 00 00 00 00 55
54 00 00 00 00 00 54
66 66 66 66 66 66 66
54 00 00 00 00 00 54
55 00 00 00 00 00 55
45 00 00 00 00 00 25
00 00 00 00 00 00 00
00 00 00 00 00 00 00
00 00 00 00 00 00 00
00 00 00 00 00 00 00
00 00 00 00 00 00 00
00 00 00 00 00 00 00
00 00 00 00 00 00 00
00 00 00 00 00 00 00
00 00 00 00 00 00 00
00 00 00 00 00 00 00
00 25 35 45 25 35 45
74 45 56 46 56 46 56
75 55 64 64 64 64 64
76 54 65 65 65 65 65
74 45 56 46 56 46 56
75 55 64 64 64 64 64
76 54 65 65 65 65 65
74 45 56 46 56 46 56
75 55 64 64 64 64 64
76 54 65 65 65 65 65
45 56 46 56 46 56 45
55 64 64 64 64 64 55
54 65 65 65 65 65 54
45 56 46 56 46 56 45
55 64 64 64 64 64 55
54 65 65 65 65 65 54
45 56 46 56 46 56 45
55 64 64 64 64 64 55
54 65 65 65 65 65 54
54 65 65 65 65 65 54
54 65 25 35 45 65 54
24 34 44 24 34 44 24
00 00 00 00 00 00 00
00 00 00 00 00 00 00
00 00 00 00 00 00 00
00 00 00 00 00 00 00
00 00 00 00 00 00 00
00 00 00 00 00 00 00
00 00 00 00 00 00 00
00 00 00 00 00 00 00
00 00 00 00 00 00 00
00 00 00 00 00 00 00
00 00 00 00 00 00 00
00 00 00 00 00 00 00
00 00 00 00 00 00 00
00 00 00 00 00 00 00
45 00 00 00 00 00 25
55 00 00 00 00 00 55
54 00 00 00 00 00 54
66 66 66 66 66 66 66
54 00 00 00 00 00 54
55 00 00 00 00 00 55
45 00 00 00 00 00 25
00 00 00 00 00 00 00
00 00 00 00 00 00 00
00 00 00 00 00 00 00
00 00 00 00 00 00 00
00 00 00 00 00 00 00
00 00 00 00 00 00 00
00 00 00 00 00 00 00
00 00 00 00 00 00 00
00 00 00 00 00 00 00
00 00 00 00 00 00 00
00 00 00 00 00 00 00
00 00 00 00 00 00 00
00 00 00 00 00 00 00
00 00 00 00 00 00 00
45 00 00 00 00 00 25
55 00 00 00 00 00 55
54 00 00 00 00 00 54
66 66 66 66 66 66 66
54 00 00 00 00 00 54
55 00 00 00 00 00 55
45 00 00 00 00 00 25
00 00 00 00 00 00 00
00 00 00 00 00 00 00
00 00 00 00 00 00 00
00 00 00 00 00 00 00
00 00 00 00 00 00 00
00 00 00 00 00 00 00
00 00 00 00 00 00 00
00 00 00 00 00 00 00
00 00 00 00 00 00 00
00 00 00 00 00 00 00
00 00 00 00 00 00 00
00 00 00 00 00 00 00
00 00 00 00 00 00 00
00 00 00 00 00 00 00
45 00 00 00 00 00 25
55 00 00 00 00 00 55
54 00 00 00 00 00 54
66 66 66 66 66 66 66
54 00 00 00 00 00 54
55 00 00 00 00 00 55
45 00 00 00 00 00 25
00 00 00 00 00 00 00
00 00 00 00 00 00 00
00 00 00 00 00 00 00
00 00 00 00 00 00 00
00 00 00 00 00 00 00
00 00 00 00 00 00 00
00 00 00 00 00 00 00
00 00 00 00 00 00 00
00 00 00 00 00 00 00
00 00 00 00 00 00 00
00 00 00 00 00 00 00
00 00 00 00 00 00 00
00 00 00 00 00 00 00
00 00 00 00 00 00 00
25 35 45 25 35 45 25
46 56 46 56 46 56 46
64 64 64 64 64 64 64
65 65 65 65 65 65 65
46 56 46 56 46 56 46
64 64 64 64 64 64 64
65 65 65 65 65 65 65
46 56 46 56 46 56 46
64 64 64 64 64 64 64
65 65 65 65 65 65 65
54 65 65 65 65 65 54
54 65 25 35 45 65 54
24 34 44 24 34 44 24
00 00 00 00 00 00 00
00 00 00 00 00 00 00
00 00 00 00 00 00 00
00 00 00 00 00 00 00
00 00 00 00 00 00 00
00 00 00 00 00 00 00
00 00 00 00 00 00 00
00 00 00 00 00 00 00
00 00 00 00 00 00 00
00 00 00 00 00 00 00
00 00 00 00 00 00 00
00 00 00 00 00 00 00
00 00 00 00 00 00 00
00 00 00 00 00 00 00
00 00 00 00 00 00 00
00 00 00 00 00 00 00
00 00 00 00 00 00 00
00 00 00 00 00 00 00
00 00 00 00 00 00 00
00 00 00 00 00 00 00
00 00 00 00 00 00 00
00 00 00 00 00 00 00
00 00 00 00 00 00 00
00 00 00 00 00 00 00
00 00 00 00 00 00 00
00 00 00 00 00 00 00