05 15 05 15 05 15 05
04 14 04 14 04 14 04
05 15 05 15 05 15 05
04 14 04 14 04 14 04
05 15 05 15 05 15 05
04 14 04 14 04 14 04
05 15 05 15 05 15 05
04 14 04 14 04 14 04
05 15 05 15 05 15 05
04 14 04 14 04 14 04
05 15 05 15 05 15 05
04 14 04 14 04 14 04
05 15 05 15 05 15 05
04 14 04 14 04 14 04
05 15 05 15 05 15 05
04 14 04 14 04 14 04
05 15 05 15 05 15 05
04 14 04 14 04 14 04
05 15 05 15 05 15 05
04 14 04 14 04 14 04
05 15 05 15 05 15 05
04 14 04 14 04 14 04
05 15 05 15 05 15 05
04 14 04 14 04 14 04
05 15 05 15 05 15 05
04 14 04 14 04 14 04
05 15 05 15 05 15 05
04 14 04 14 04 14 04
05 15 05 15 05 15 05
04 14 04 14 04 14 04
05 15 05 15 05 15 05
04 14 04 14 04 14 04
05 15 12 31 03 15 05
04 04 11 00 00 04 14
05 05 10 00 00 05 15
04 02 00 00 00 21 14
05 15 01 00 00 20 15
04 22 00 00 00 00 30
40 50 00 00 00 60 70
41 51 00 00 00 61 71
42 52 00 00 00 62 72
40 50 00 00 00 60 70
41 51 00 00 00 61 71
42 52 00 00 00 62 72
40 50 00 00 00 60 70
41 53 63 63 63 73 71
42 52 00 00 00 62 72
40 50 00 00 00 60 70
41 51 00 00 00 61 71
42 52 00 00 00 62 72
40 50 00 00 00 60 70
41 51 00 00 00 61 71
42 52 00 00 00 62 72
40 50 00 00 00 60 70
41 53 63 63 63 73 71
42 52 00 00 00 62 72
40 50 00 00 00 60 70
41 51 00 00 00 61 71
42 52 00 00 00 62 72
40 50 00 00 00 60 70
41 51 00 00 00 61 71
42 52 00 00 00 62 72
40 50 00 00 00 60 70
41 53 63 63 63 73 71
42 52 00 00 00 62 72
40 50 00 00 00 60 70
41 51 00 00 00 61 71
42 52 00 00 00 62 72
40 50 00 00 00 60 70
41 51 00 00 00 61 71
42 52 00 00 00 62 72
40 50 00 00 00 60 70
41 53 63 63 63 73 71
42 52 00 00 00 62 72
40 50 00 00 00 60 70
41 51 00 00 00 61 71
42 52 00 00 00 62 72
40 50 00 00 00 60 70
41 51 00 00 00 61 71
42 52 00 00 00 62 72
40 50 00 00 00 60 70
41 53 63 63 63 73 71
42 52 00 00 00 62 72
40 50 00 00 00 60 70
41 51 00 00 00 61 71
42 52 00 00 00 62 72
40 50 00 00 00 60 70
41 51 00 00 00 61 71
42 52 00 00 00 62 72
40 50 00 00 00 60 70
41 53 63 63 63 73 71
42 52 00 00 00 62 72
40 50 00 00 00 60 70
41 51 00 00 00 61 71
42 52 00 00 00 62 72
40 50 00 00 00 60 70
41 51 00 00 00 61 71
42 52 00 00 00 62 72
40 50 00 00 00 60 70
41 53 63 63 63 73 71
42 52 00 00 00 62 72
40 50 00 00 00 60 70
41 51 00 00 00 61 71
42 52 00 00 00 62 72
40 50 00 00 00 60 70
41 51 00 00 00 61 71
42 52 00 00 00 62 72
40 50 00 00 00 60 70
41 53 63 63 63 73 71
42 52 00 00 00 62 72
40 50 00 00 00 60 70
41 51 00 00 00 61 71
42 52 00 00 00 62 72
40 50 00 00 00 60 70
41 51 00 00 00 61 71
42 52 00 00 00 62 72
40 50 00 00 00 60 70
41 53 63 63 63 73 71
42 52 00 00 00 62 72
40 50 00 00 00 60 70
41 51 00 00 00 61 71
42 52 00 00 00 62 72
40 50 00 00 00 60 70
41 51 00 00 00 61 71
42 52 00 00 00 62 72
40 50 00 00 00 60 70
41 53 63 63 63 73 71
42 52 00 00 00 62 72
40 50 00 00 00 60 70
41 51 00 00 00 61 71
42 52 00 00 00 62 72
40 50 00 00 00 60 70
41 51 00 00 00 61 71
42 52 00 00 00 62 72
40 50 00 00 00 60 70
41 53 63 63 63 73 71
42 52 00 00 00 62 72
40 50 00 00 00 60 70
41 51 00 00 00 61 71
42 52 00 00 00 62 72
40 50 00 00 00 60 70
41 51 00 00 00 61 71
42 52 00 00 00 62 72
40 50 00 00 00 60 70
41 53 63 63 63 73 71
42 52 00 00 00 62 72
40 50 00 00 00 60 70
41 51 00 00 00 61 71
42 52 00 00 00 62 72
40 50 00 00 00 60 70
41 51 00 00 00 61 71
42 52 00 00 00 62 72
40 50 00 00 00 60 70
41 53 63 63 63 73 71
42 52 00 00 00 62 72
40 50 00 00 00 60 70
41 51 00 00 00 61 71
42 52 00 00 00 62 72
40 50 00 00 00 60 70
41 51 00 00 00 61 71
42 52 00 00 00 62 72
40 50 00 00 00 60 70
42 52 00 00 00 62 72
40 50 00 00 00 60 70
41 51 00 00 00 61 71
42 52 00 00 00 62 72
40 50 00 00 00 60 70
41 51 00 00 00 61 71
42 52 00 00 00 62 72
40 50 00 00 00 60 70
41 51 00 00 00 61 71
42 52 00 00 00 62 72
40 50 00 00 00 60 70
41 51 00 00 00 61 71
42 52 00 00 00 62 72
40 50 00 00 00 60 70
41 51 00 00 00 61 71
42 52 00 00 00 62 72
40 50 00 00 00 60 70
41 51 00 00 00 61 71
42 52 00 00 00 62 72
40 50 00 00 00 60 70
41 51 00 00 00 61 71
42 52 00 00 00 62 72
40 50 00 00 00 60 70
41 51 00 00 00 61 71
42 52 00 00 00 62 72
40 50 00 00 00 60 70
41 51 00 00 00 61 71
42 52 00 00 00 62 72
40 50 00 00 00 60 70
41 51 00 00 00 61 71
42 52 00 00 00 62 72
40 50 00 00 00 60 70
41 51 00 00 00 61 71
42 52 00 00 00 62 72
40 50 00 00 00 60 70
41 51 00 00 00 61 71
42 52 00 00 00 62 72
40 50 00 00 00 60 70
41 51 00 00 00 61 71
42 52 00 00 00 62 72
40 50 00 00 00 60 70
41 51 00 00 00 61 71
42 52 00 00 00 62 72
40 50 00 00 00 60 70
41 51 00 00 00 61 71
42 52 00 00 00 62 72
40 50 00 00 00 60 70
41 51 00 00 00 61 71
42 52 00 00 00 62 72
40 50 00 00 00 60 70
41 51 00 00 00 61 71
42 52 00 00 00 62 72
40 50 00 00 00 60 70
41 51 00 00 00 61 71
42 52 00 00 00 62 72
40 50 00 00 00 60 70
41 51 00 00 00 61 71
42 52 00 00 00 62 72
40 50 00 00 00 60 70
41 51 00 00 00 61 71
42 52 00 00 00 62 72
40 50 00 00 00 60 70
